ticket asociado,estimated_hours,actual_hours
1923,11,24.666666666666664
1950,20,22.75
2646,8.5,7
3166,11,17.583333333333332
3324,5,6.5
3351,0,1
3431,4,25.16666666666667
3432,3,8
3581,2,2.1666666666666665
3772,0,0.8333333333333333
3926,5,5
3952,0,4.833333333333334
4121,0,0.25
4132,0,6.33333333333333
4154,7,7
4340,4,7.33333333333333
4430,30,73.5
4489,0,0.25
4691,0,1
4694,11,4.75
4777,21,45.00000000000001
4778,1,7.5833333333333295
4780,1,1.2500000000000002
4813,1,4.083333333333333
4931,4,4.83333333333333
5029,11,10.5
5117,2,20.750000000000004
5120,2,8.416666666666668
5123,17,61.5
5145,15,13.916666666666668
5176,4,13
5181,0,0.5
5197,0,0.5
5237,0,0.333333333333333
5524,3,3
5529,10,8
5577,1,0.25
5605,3,9
5667,7,19
5770,0,4.149999999999997
5839,0,0
5918,2,0.75
6006,0,0.916666666666667
6011,3,2.25
6063,3,3.6666666666666665
6067,0,1.25
6110,1,0.916666666666667
6124,30,29
6135,6,6.08333333333333
6160,0,0.25
6185,0,2
6347,1,2.6166666666666663
6370,0,0.4166666666666663
6438,8,7
6443,2,2
6500,0,3.3333333333333295
6551,1,0.5
6656,3,6.5
6687,7,9.033333333333335
6757,19,19.333333333333332
7074,3,0.5
7089,4,4
7108,3,1.75
7160,0,0.75
7296,4,2
7298,10,29
7300,3,2.25
7330,25,25.683333333333337
7357,0,1.083333333333333
7436,8,9.5
7438,13,26.25
7442,6,9.416666666666666
7486,3,1.5
7487,1,2.1666666666666665
7764,4,5
7781,4,2.5
7823,0,0.4166666666666667
7824,0,2.5
8061,0,1.25
8065,14,12.916666666666668
8075,20,18.666666666666664
8117,1,0.5833333333333336
8125,12,55.50000000000001
8128,0,0.583333333333333
8158,8,16
8168,1,0.5
8183,9,9.5
8192,7,10.5
8200,12,41.16666666666667
8202,3,5
8310,0,0.4166666666666667
8324,0,0.916666666666667
8370,0,0.25
8534,3,2
8777,,0
8913,3,3.333333333333333
9033,15,22
9105,15,61.25000000000001
9114,0,0.75
9137,0,1
9215,4,1.5833333333333333
9216,0,8.666666666666666
9286,5,4.833333333333334
9312,1,0.75
9315,2,4
9318,0,3.5
9320,10,8
9410,4,3.5
9434,1,0.3333333333333333
9471,3,3.0833333333333335
9502,6,11.416666666666668
9543,25,18
9671,3,3.5
9717,3,2.5
9753,0,8.5
9769,0,2.3333333333333335
9776,17,14
9815,3,1.4166666666666667
9873,0,0.3333333333333333
9876,3,7.25
10083,,0
10119,1,1
